0.6674469792404688
-0.44402471246601477
-0.19585868981789034
-0.8470741285139203
-0.19971943975269646
1.4192010202605054
-1.1658762708712023
0.6136537257632271
-0.03249856659200034
-0.7854075448155373
0.0262526078571291
1.5232505798273408
-0.22630737752263225
-2.177694207424729
0.4491612714332193
1.3897073565812879
0.9922954551133175
0.305515589529125
-0.014957950238504306
1.6584742432096622
0.395155204230318
-0.6111915873324926
-0.986051308785093
0.9731572171661177
1.3078117602593404
-0.013637840867397182
0.3820281963857732
3.617888096906509
-0.10969735453930757
1.5565048693107966
0.2739512358311863
-0.02052363701789259
0.17690650220864584
-0.17616026133994273
0.7116495127023382
-0.6048218581562316
0.7930622712506249
0.02942202001650773
-1.9033487139771552
-0.5000940641012013
-0.8273137865706174
-0.542507521760833
-0.43993437982855677
-0.20992746049600894
-0.9068481260297623
2.7276862176809065
-1.679421211653531
-0.7360513278230516
-0.2844848288933802
1.4606050418277785
1.4665218820192036
0.37010341022606347
-0.0323190283574738
1.0923923822690234
-0.22445805861539567
-0.4416106597523039
-1.129667981350012
0.471976625325424
-0.6940389636909975
0.973605007206523
-0.2090809474979318
2.638101393915001
1.348201177893365
1.2690732918870102
0.9318783746936697
0.4335609252408601
0.3565894240829202
0.054930141449267826
-2.604382294376311
-0.0011659375554321804
0.3652112946378123
1.2308492719242452
-1.401934087092193
0.9775234261738527
-0.8634413152386202
0.009505700574175522
-0.3994364125348887
0.5464699318983499
-0.29381576811662635
0.24444710467225142
0.23045126928598617
-1.0755031109926592
-0.6589664563368924
-1.0063621895054768
-0.8388038360773409
-0.8888989045696496
-0.9181607911416845
-0.3780267795927419
0.28877832463252556
0.2102617547683287
0.9061880692270192
0.4737683937916089
0.9921912906068132
-0.12288944060078925
0.43121564038653404
-0.04660432846561932
1.1991881086500347
1.029787809020158
1.2253044279346017
-0.4548346772941917
