0.25768781018287396
-0.6645978629986672
-1.4782500997699293
0.8816977872060003
0.47658871479551906
0.783738878244826
0.8209270518661247
1.9629982355791966
-1.0121295147450746
0.3944908385778319
-0.9895773523266757
-0.08564385833696303
-1.1661896011810728
0.40070088201335186
0.120110568448076
0.13388709013962008
-2.0592898253624132
1.413083990729967
0.4079400872503393
-0.6061542377092942
-2.033714753454196
0.22603744896887176
-0.81750852026598
-1.7198880937819234
-1.7422729452406056
0.47809972542175655
0.9845833086183327
0.7164147317871467
0.7448087652444805
1.1314223392636358
1.7176159235182764
0.3738381648992566
0.1574451551995304
0.7106283727731987
-0.29172487568274463
-1.142772811075456
1.1655834016211035
-0.8167154913891359
-0.36208182859488336
-0.45823941175223026
-0.23268901513954382
1.7544364281382807
0.5201384166241131
-0.290729559920121
0.20351998842711083
0.18151578464418217
0.20177397049962384
0.9981080083192546
-0.6521596875315913
0.3796147510499946
0.860806625724964
-2.1519473748938958
0.2754857406796671
-1.8491568891238586
-1.1718180123237367
0.10401439620508894
1.964377580234578
0.93547946033817
0.3110653520282939
-0.0898545774714734
2.114641575509574
0.07312841651978637
0.3606427200388403
0.34116092082308613
-1.8285633480010388
0.6584256257541145
0.9993450092392131
-0.9485973676932832
-0.29152961693160556
-1.793080113569789
-0.041902672809276884
-0.3038813108582542
-1.0358412813745141
1.8095972813254781
-0.06617708192622962
0.17377228563651737
-0.6564066086283937
-1.1742118568734106
0.24534394214640115
0.2877110288364072
1.3765902756901374
0.29164269776959395
0.8953145931437356
0.6462764523459631
-0.8006494254177315
1.553159157909093
-2.0631367786811907
-1.0724275269224912
-0.21820798943861175
0.40274240695525254
-0.8597012981194687
-1.1746714436490129
-1.1048580189229187
0.12319956327051812
-0.26278640672216624
-0.21944980430262281
-1.0821719861232508
0.23256911408338526
-0.25904057076930614
0.7723944136524317
