-1.138339384773291
-0.4440362820458466
0.8403357308439269
1.118661274412915
1.7489365519951439
0.08865467379527124
1.109476968404136
-0.6268625547130288
2.006829977001002
1.1796535185449313
-0.8440046442218043
-0.1835873105311238
-1.5934895133357951
0.48510820487159473
0.05661135495172056
-0.3502172729840552
1.444373989271532
-0.2543095248358991
-0.6572884841690185
-0.6089481371540945
-0.47958379958149155
0.3053855981022115
-0.005307942814640612
-0.5243938968160072
1.8296571984674874
-0.7126964881039932
-0.3275711681458922
1.0897413385485024
-0.25186179070100284
-0.2913686788705184
0.9785815075829457
-1.273113363144068
0.7463425449352602
0.4156665809412322
2.2879160690740354
-0.09186089366993253
-1.070349263699816
-0.3299481217782026
-0.914190557684989
-0.532281366643618
0.6486295941911713
-1.1791838762719107
0.28760955713655934
-1.0639149570417021
-0.3534586541904951
-1.509751410389027
-0.7715521157317404
0.5267126528407139
-1.9558689254952992
-0.9577321085874285
-0.7329639180951649
-1.3688851282422323
-0.7793107087171619
0.49309336809636867
2.55927162674682
-1.7018757486105862
0.8142931563470501
0.8515512246948488
-1.1886138398061645
-1.0611387044640275
-1.527375242184231
-0.8550234272530368
-0.16003744114699706
0.06433839485044157
0.4116222368593755
-0.8210051146226993
-0.6655904480534484
-0.00855335238667817
1.244293890459362
0.43399719562848477
-1.0448790725449517
-0.1709361363085961
1.3137433204824385
0.09917440236106603
-0.4112797273370577
-0.15933154332963864
-0.07585651387141143
-0.402443852038205
1.1435418891936862
-1.244778625396024
0.6564105032583628
1.3991141020013014
2.3090208025050725
-1.0951299822699345
-0.27402503183020405
1.238411130645069
-1.555434923329809
-0.09116037981669604
0.4292526788876532
-1.5362379944882885
-0.7695485030335808
0.19427919291130086
0.2390565480403031
1.4095261214022619
-1.10291776081973
0.7320150836091167
0.3113429821633783
0.2831083776036682
0.3160535943907894
-0.4461353777387305
