-0.5301485175809482
1.970608340133309
2.131664115350775
1.8606604538425948
0.8588397364993071
-0.0063514068079697505
1.2938479154852631
1.77495760903038
-0.6625596488958061
3.3720689121719354
0.34053341860091024
1.6915465019849285
1.518703842151183
-0.6812055986714847
0.508700924487854
1.21355677184141
0.11099439772957753
0.8845430498455027
0.8207208735927164
1.3096518343071781
1.0303684245056357
-0.06690875948385067
2.6621793250380392
0.15657121346145653
1.5279795384807573
0.28119247626091826
-0.35235228508154326
3.2433782691962145
1.5656968840935694
2.0486887290209834
0.9042902445891272
2.507608438074211
2.2058223037674116
1.6158438834505
0.9544106852171359
-0.5872319140507052
0.9053615323782972
1.5859405678195049
0.9804589216642371
1.8303239717550928
1.158278513994792
0.20676066170955143
1.5215134320792478
-0.7202177567521906
0.42442819652756425
1.4711822227553786
-0.8986242532929491
1.1401589596587653
2.5261680738630505
0.2035750458964125
1.2649798156403593
1.5756703496974462
0.9528896633433711
1.5791580092549955
1.974181285014228
2.2479496226758844
1.4431085778827235
0.7643239000691762
1.590114198844185
0.5817644717501862
0.02983938837620792
1.8413833397148283
2.313326239198788
0.03706316271964294
0.7751917857882358
-0.05847204225664271
0.21930063877819983
0.6178806292649814
2.31782322237209
-0.04448490689389062
-0.05139064659360826
-0.7471802848895552
0.49411749459096066
1.123817333979766
-0.043701299313144704
-1.488854152888761
-0.941403611469622
1.2211420289795774
2.110346827280375
-1.6830859358755288
-0.7476336242783044
-0.11483936038431519
1.8612370698657617
0.26745079002466243
-0.33802609925647276
0.6050860665275801
0.04690187282528546
1.4700838383224875
1.2457917995581966
-0.32931588603245787
2.417120261502963
1.589648370110781
0.22278570063859815
1.3152968792123954
-0.6613563902244517
0.8966566749622467
2.109258015011827
-0.9698803119297958
0.7604224134119026
1.8019229812673303
