1.014223001954767
1.4768805293131098
-0.12137714345286299
0.5105150144389978
0.5516984313694755
1.0737026700730374
0.8871928797815845
-0.1977322569302472
0.8872570936744976
-0.48790462145279156
1.8335130407063043
-0.10552164963178401
1.1529673114694057
1.99956371856147
0.14452399197010263
1.6197934644112786
1.4392895773890977
0.5784899131038573
0.5023269348017771
1.52292316234668
-0.5773938081193604
1.2257035443850715
0.8442155957397723
0.3607002529834322
0.5364628115272647
0.5510186381789424
0.9437581119552241
1.8793467827302976
0.6918637893596276
0.6331109040088325
0.0814430829996744
0.8307898020158909
0.06789450854045453
0.40936325779735766
-0.02372606729174631
-1.1330700547949377
1.2782103650445293
0.0456499815800277
-0.3171801764466501
2.103934900959692
0.020745968422271333
1.345683302186905
-0.3641800258908455
0.2519967580398062
0.46525111159410143
0.9104615477899995
1.978048798990332
0.21710568626186
-0.2925969078178564
0.6110020940804557
1.2627088913384414
-0.09567108704813909
-0.48741701390807934
-0.6572043065220499
0.7286326332974187
-0.35636379894778536
0.5839206684956215
-1.386894810104321
0.6224242268280227
-0.22445908409594495
0.8931826591913261
-0.2199188415383737
0.9358962360644696
-0.7365182486466684
1.6454676347284154
0.7528998646611416
0.8276870886905906
-0.1614476564516666
0.6290498831640292
-0.6728565360590439
-1.3079852093311861
1.7062075834607298
0.7211236847699498
1.2621917330100731
0.5588768271045709
1.1780122503706858
1.8267328369271727
0.12472607358392496
1.271101969769057
0.43659440090794477
-0.10735886507674341
-0.19366942839434254
-0.5245616841173604
-0.6144672697586462
0.28055180987994466
0.20709729028066132
0.466206306013018
0.2130229952550033
1.9393889051996955
1.3274914266905324
-0.558312859246975
-0.4719109873993542
-0.07334610207252601
0.5290783453192607
-1.181592517649061
-0.14279721644425247
0.14058395974186283
-0.39821825156367985
0.31236408910644087
2.208931596693381
