-1.4644377250372975
-0.17322626082077425
-0.5849797860543389
-0.21213852833850816
0.07675570793015496
0.24528901692882066
0.037718643514912054
-1.4338786655535212
-2.146890719326501
0.714922815842443
-0.1540333570779744
-1.9920064992073343
-1.3097701727058553
-0.2798530780710685
-0.827929153011079
-1.5766242944018598
0.6819228132088733
-0.276857466664309
0.18393292358922486
-1.203063129839984
-0.2693462316146198
-0.36251840058549667
0.5181863446909405
0.1073702742760223
0.8698902681115217
-0.7123105823523214
0.7795075466859618
-0.9041951101734289
1.156117027740682
-0.881161027901891
0.2683738731876282
-1.1487640100322682
-0.8047978970991776
0.9935490479873843
-0.9336202781502092
-1.878034978982426
-1.2963298762929871
1.2319860518750365
0.8969630410034597
-2.1528809078792426
-0.060371640599011345
1.0571953254501556
-0.13751583258174566
0.03080353591221574
-0.007754116396139432
0.5467042279283427
-1.2053828250216823
-0.9137834491231944
0.8653252248872025
-0.7821375738463747
-2.976051944982487
-0.24265895326546827
-0.732665657799042
-2.836000203117099
-2.550884205461989
-1.610185056879131
-0.20349223035026204
-2.6348157511838366
-0.12929939954853442
-1.9843875008575533
-0.427230470035263
-0.6237823268768536
-0.9384241125536816
-0.5414454133817943
0.20643941832908963
-0.5570283588238142
-0.80857660139744
0.12577760071008015
-0.07005823616377399
-0.43789078220907196
1.8376668724487915
-1.553345391485721
-2.7505396337681125
-1.0867860944355447
-1.2265367702677574
0.7791297699350122
-2.1134289035646328
-0.6279220952579209
0.6924590986853698
0.2018548638586133
-0.47740932512996054
-0.9344084680956378
-2.3517444654097406
0.03312468932168999
2.139155671036642
-0.21214415547167614
-0.9110200727721953
-2.110084503018278
-1.2180206315800928
-2.4478968746169807
-1.4104630589620566
-2.096259527912406
-0.557811469916784
-2.216406815659641
1.6925949158852442
-2.0672713303942127
-0.2378927721459208
-3.2828113467735793
-0.4684410689281559
-0.16258160888961565
