-1.8874024076757543
-1.2730639409210216
-0.43367161155486567
-3.122599735246953
-2.623567987573872
-1.4719535629774816
0.12266805566689798
-1.962637394861496
-0.3804326891125036
-0.3372657850550218
-1.9739289615219757
-1.7568279395727942
-0.7076104264352456
0.14299223353376211
-1.552165662453242
0.5422744066409051
-1.7686972503457645
-0.23424654284953006
-0.4299505853303107
2.2822119260371827
-1.4943769012289059
-2.4902575912556473
-0.9121548226246393
0.11940428524158908
0.4780288913757085
-0.034883853105339147
-0.9904709776466097
0.5977722138919241
-2.0174910331492013
-0.2630069166502985
-0.47514483212091485
-0.718715481281069
-1.237586344700436
-0.22525398746040537
-0.9042519564308369
0.20698375571101235
-1.6332063075556071
1.4260597748946773
-1.0626154217234123
2.0780768023689142
-1.3034272349996299
-0.06851504443874723
0.7259896990395043
-2.3613625799867872
-0.7052241303960016
-2.1786186153977005
0.8168375245910278
-1.4302069497141165
-1.3941441246711666
-2.5114402741732222
-1.1643064431949743
-2.8810952588166088
-0.5882233776250813
-0.9525434914867739
-1.1646623538604721
0.5964524777980129
0.40169964314412354
-0.5315483120704938
1.1379872514074654
-0.5064948819890864
-0.15306824816443831
-0.37952376195069204
0.03656130110987421
0.228516810917069
-1.8790625694331493
-1.9231847583764181
-2.955679839078344
-2.259818396284828
-1.046584290136526
-1.2139675373388932
-0.027275354322014
-1.4536112633088505
-2.0493527382767955
0.7160082031594002
-0.9710495660333321
-0.7916473867249406
-0.9299113600946967
0.3765105098277788
-1.3436885829531975
-0.7869000136605285
-1.6220170598815846
0.2722029189782469
-2.1799224817564227
-0.04325614000909561
0.22016589285567623
0.9797341063039682
-1.6997024140836032
0.48201359239014696
-3.2482632129570703
-3.45267536528601
-1.1177416857042901
-1.8286000132048603
-0.28806976482478475
-1.773578675728149
-1.4235510565844733
-0.7667599611103548
-1.340040341289277
-2.6898761626806595
0.010729821064554113
-0.08895052229706046
